85
85 186
145 3
257 1
153 1
119 1
165 1
265 3
219 1
232 1
197 2
240 3
266 3
209 1
257 2
133 1
180 3
171 2
226 2
141 2
182 2
106 1
192 3
179 3
249 1
233 1
170 1
158 2
266 3
297 2
250 3
264 1
292 2
228 3
164 2
158 2
288 1
175 2
108 1
144 3
227 3
115 3
181 3
202 2
226 2
147 2
168 2
256 3
127 2
207 2
158 1
251 3
247 3
245 1
273 1
115 1
264 2
248 3
255 1
226 2
139 1
121 3
149 1
118 2
110 2
157 2
219 1
162 2
127 1
126 3
206 2
107 3
185 2
285 1
190 1
287 2
215 3
172 3
231 2
176 3
296 3
292 2
234 2
227 1
240 1
292 3
170 2