-1 2 2 4 
-1 -1 2 2 
-1 -1 -1 2 
-1 -1 -1 -1 
4
-1 2 2 4 
-1 -1 2 2 
-1 -1 -1 0 
-1 -1 -1 -1 
4
-1 0 2 2 2 
-1 -1 2 2 2 
-1 -1 -1 2 2 
-1 -1 -1 -1 0 
-1 -1 -1 -1 -1 
2
-1 2 2 2 4 4 6 8 8 10 10 10 10 12 
-1 -1 0 0 2 2 4 6 8 8 8 8 8 10 
-1 -1 -1 0 2 2 4 6 6 6 6 6 6 8 
-1 -1 -1 -1 2 2 4 4 4 4 4 4 4 6 
-1 -1 -1 -1 -1 0 2 2 2 2 2 2 2 4 
-1 -1 -1 -1 -1 -1 2 2 2 2 2 2 2 4 
-1 -1 -1 -1 -1 -1 -1 0 0 0 0 0 0 2 
-1 -1 -1 -1 -1 -1 -1 -1 0 0 0 0 0 2 
-1 -1 -1 -1 -1 -1 -1 -1 -1 0 0 0 0 2 
-1 -1 -1 -1 -1 -1 -1 -1 -1 -1 0 0 0 2 
-1 -1 -1 -1 -1 -1 -1 -1 -1 -1 -1 0 0 2 
-1 -1 -1 -1 -1 -1 -1 -1 -1 -1 -1 -1 0 2 
-1 -1 -1 -1 -1 -1 -1 -1 -1 -1 -1 -1 -1 2 
-1 -1 -1 -1 -1 -1 -1 -1 -1 -1 -1 -1 -1 -1 
12
-1 0 0 0 0 
-1 -1 0 0 0 
-1 -1 -1 0 0 
-1 -1 -1 -1 0 
-1 -1 -1 -1 -1 
0
